# step                t               action                    Q
     0         0.000000   -116640.0611421583        -0.3205439157
     1         0.100000   -161710.3420983337         0.0258119297
     2         0.200000   -181052.3070537075         0.1696632058
     3         0.300000   -188824.3912328799         0.2326466182
     4         0.400000   -192188.9450092625         0.2920304049
     5         0.500000   -193806.1345524346         0.3509208620
     6         0.600000   -194668.2971676108         0.4078692732
     7         0.700000   -195172.1750862877         0.4577307990
     8         0.800000   -195490.2989551731         0.4978739367
     9         0.900000   -195704.2391871193         0.5297661518
    10         1.000000   -195855.6260799564         0.5559803248
    11         1.100000   -195967.2148732180         0.5784582536
    12         1.200000   -196052.2236577784         0.5983342809
    13         1.300000   -196118.7488902842         0.6161966490
    14         1.400000   -196171.9814797718         0.6323235378
    15         1.500000   -196215.3816432817         0.6468316319
    16         1.600000   -196251.3336351780         0.6597636496
    17         1.700000   -196281.5274217774         0.6711394614
    18         1.800000   -196307.1902992778         0.6809845806
    19         1.900000   -196329.2325293873         0.6893436397
    20         2.000000   -196348.3418087684         0.6962838550
    21         2.100000   -196365.0462419767         0.7018923281
    22         2.200000   -196379.7573336032         0.7062702404
    23         2.300000   -196392.7999637403         0.7095261864
    24         2.400000   -196404.4336823098         0.7117700748
    25         2.500000   -196414.8680922081         0.7131083075
    26         2.600000   -196424.2741322049         0.7136404242
    27         2.700000   -196432.7924678912         0.7134570752
    28         2.800000   -196440.5398116461         0.7126390500
    29         2.900000   -196447.6137390174         0.7112570539
    30         3.000000   -196454.0963991251         0.7093719653
    31         3.100000   -196460.0574022312         0.7070353626
    32         3.200000   -196465.5560881534         0.7042901716
    33         3.300000   -196470.6433240326         0.7011713310
    34         3.400000   -196475.3629410819         0.6977064123
    35         3.500000   -196479.7528916239         0.6939161568
    36         3.600000   -196483.8461879010         0.6898149043
    37         3.700000   -196487.6716690725         0.6854108998
    38         3.800000   -196491.2546319718         0.6807064666
    39         3.900000   -196494.6173530566         0.6756980326
    40         4.000000   -196497.7795230999         0.6703759952
    41         4.100000   -196500.7586111279         0.6647244019
    42         4.200000   -196503.5701711197         0.6587204150
    43         4.300000   -196506.2281020380         0.6523335177
    44         4.400000   -196508.7448696522         0.6455243986
    45         4.500000   -196511.1316974678         0.6382434318
    46         4.600000   -196513.3987325674         0.6304286338
    47         4.700000   -196515.5551916333         0.6220029384
    48         4.800000   -196517.6094917761         0.6128705659
    49         4.900000   -196519.5693710247         0.6029121838
    50         5.000000   -196521.4420032674         0.5919784441
    51         5.100000   -196523.2341135383         0.5798813357
    52         5.200000   -196524.9521012435         0.5663826202
    53         5.300000   -196526.6021816400         0.5511784440
    54         5.400000   -196528.1905608084         0.5338791434
    55         5.500000   -196529.7236660620         0.5139835619
    56         5.600000   -196531.2084641766         0.4908485598
    57         5.700000   -196532.6529106299         0.4636584498
    58         5.800000   -196534.0665763727         0.4314093541
    59         5.900000   -196535.4614625806         0.3929465933
    60         6.000000   -196536.8528506412         0.3471377798
    61         6.100000   -196538.2595543370         0.2933261406
    62         6.200000   -196539.7019240569         0.2322142331
    63         6.300000   -196541.1948522812         0.1670362356
    64         6.400000   -196542.7347572379         0.1040267072
    65         6.500000   -196544.2884092169         0.0505707501
    66         6.600000   -196545.8000890671         0.0113343935
    67         6.700000   -196547.2189185282        -0.0139472347
    68         6.800000   -196548.5211750251        -0.0288287938
    69         6.900000   -196549.7096520356        -0.0372378902
    70         7.000000   -196550.8002005394        -0.0420004563
    71         7.100000   -196551.8106189329        -0.0447817943
    72         7.200000   -196552.7559122332        -0.0464799039
    73         7.300000   -196553.6475019855        -0.0475676773
    74         7.400000   -196554.4938358832        -0.0482974892
    75         7.500000   -196555.3011950840        -0.0488084184
    76         7.600000   -196556.0743441470        -0.0491801912
    77         7.700000   -196556.8169880032        -0.0494603911
    78         7.800000   -196557.5320800586        -0.0496785175
    79         7.900000   -196558.2220289527        -0.0498534989
    80         8.000000   -196558.8888391656        -0.0499978591
    81         8.100000   -196559.5342084096        -0.0501201127
    82         8.200000   -196560.1595966305        -0.0502261900
    83         8.300000   -196560.7662758987        -0.0503203120
    84         8.400000   -196561.3553672532        -0.0504055416
    85         8.500000   -196561.9278684154        -0.0504841407
    86         8.600000   -196562.4846749902        -0.0505578053
    87         8.700000   -196563.0265969421        -0.0506278250
    88         8.800000   -196563.5543715410        -0.0506951913
    89         8.900000   -196564.0686738378        -0.0507606745
    90         9.000000   -196564.5701249329        -0.0508248767
    91         9.100000   -196565.0592989310        -0.0508882711
    92         9.200000   -196565.5367285785        -0.0509512302
    93         9.300000   -196566.0029099888        -0.0510140466
    94         9.400000   -196566.4583066548        -0.0510769486
    95         9.500000   -196566.9033527915        -0.0511401123
    96         9.600000   -196567.3384562983        -0.0512036706
    97         9.700000   -196567.7640011940        -0.0512677207
    98         9.800000   -196568.1803498246        -0.0513323291
    99         9.900000   -196568.5878447506        -0.0513975370
   100        10.000000   -196568.9868103706        -0.0514633633
   101        10.100000   -196569.3775544424        -0.0515298080
   102        10.200000   -196569.7603693441        -0.0515968548
   103        10.300000   -196570.1355332421        -0.0516644732
   104        10.400000   -196570.5033111212        -0.0517326202
   105        10.500000   -196570.8639557349        -0.0518012418
   106        10.600000   -196571.2177083884        -0.0518702750
   107        10.700000   -196571.5647997525        -0.0519396484
   108        10.800000   -196571.9054504849        -0.0520092834
   109        10.900000   -196572.2398719179        -0.0520790955
   110        11.000000   -196572.5682665361        -0.0521489948
   111        11.100000   -196572.8908285469        -0.0522188869
   112        11.200000   -196573.2077443452        -0.0522886739
   113        11.300000   -196573.5191929030        -0.0523582544
   114        11.400000   -196573.8253461781        -0.0524275249
   115        11.500000   -196574.1263694734        -0.0524963797
   116        11.600000   -196574.4224217825        -0.0525647120
   117        11.700000   -196574.7136560424        -0.0526324136
   118        11.800000   -196575.0002194357        -0.0526993762
   119        11.900000   -196575.2822536563        -0.0527654912
   120        12.000000   -196575.5598951319        -0.0528306502
   121        12.100000   -196575.8332752206        -0.0528947456
   122        12.200000   -196576.1025204335        -0.0529576707
   123        12.300000   -196576.3677526042        -0.0530193201
   124        12.400000   -196576.6290890587        -0.0530795899
   125        12.500000   -196576.8866427975        -0.0531383780
   126        12.600000   -196577.1405225769        -0.0531955845
   127        12.700000   -196577.3908331082        -0.0532511118
   128        12.800000   -196577.6376751428        -0.0533048649
   129        12.900000   -196577.8811456174        -0.0533567516
   130        13.000000   -196578.1213377249        -0.0534066825
   131        13.100000   -196578.3583410318        -0.0534545717
   132        13.200000   -196578.5922416023        -0.0535003364
   133        13.300000   -196578.8231220267        -0.0535438973
   134        13.400000   -196579.0510615648        -0.0535851790
   135        13.500000   -196579.2761361733        -0.0536241099
   136        13.600000   -196579.4984186310        -0.0536606221
   137        13.700000   -196579.7179785762        -0.0536946522
   138        13.800000   -196579.9348825621        -0.0537261407
   139        13.900000   -196580.1491941866        -0.0537550326
   140        14.000000   -196580.3609740943        -0.0537812773
   141        14.100000   -196580.5702800764        -0.0538048285
   142        14.200000   -196580.7771671035        -0.0538256449
   143        14.300000   -196580.9816874204        -0.0538436896
   144        14.400000   -196581.1838906019        -0.0538589303
   145        14.500000   -196581.3838235725        -0.0538713397
   146        14.600000   -196581.5815307245        -0.0538808953
   147        14.700000   -196581.7770539538        -0.0538875791
   148        14.800000   -196581.9704327343        -0.0538913784
   149        14.900000   -196582.1617041472        -0.0538922849
   150        15.000000   -196582.3509029866        -0.0538902954
   151        15.100000   -196582.5380617985        -0.0538854114
   152        15.200000   -196582.7232109920        -0.0538776391
   153        15.300000   -196582.9063788316        -0.0538669896
   154        15.400000   -196583.0875915840        -0.0538534784
   155        15.500000   -196583.2668735437        -0.0538371258
   156        15.600000   -196583.4442471018        -0.0538179566
   157        15.700000   -196583.6197328754        -0.0537959998
   158        15.800000   -196583.7933497120        -0.0537712890
   159        15.900000   -196583.9651148254        -0.0537438617
   160        16.000000   -196584.1350438274        -0.0537137597
   161        16.100000   -196584.3031508590        -0.0536810285
   162        16.200000   -196584.4694485883        -0.0536457177
   163        16.300000   -196584.6339484061        -0.0536078801
   164        16.400000   -196584.7966604120        -0.0535675724
   165        16.500000   -196584.9575935575        -0.0535248542
   166        16.600000   -196585.1167556609        -0.0534797884
   167        16.700000   -196585.2741535856        -0.0534324407
   168        16.800000   -196585.4297932248        -0.0533828797
   169        16.900000   -196585.5836796885        -0.0533311763
   170        17.000000   -196585.7358172699        -0.0532774039
   171        17.100000   -196585.8862096069        -0.0532216379
   172        17.200000   -196586.0348597623        -0.0531639556
   173        17.300000   -196586.1817702457        -0.0531044359
   174        17.400000   -196586.3269431636        -0.0530431594
   175        17.500000   -196586.4703802225        -0.0529802077
   176        17.600000   -196586.6120828690        -0.0529156637
   177        17.700000   -196586.7520523157        -0.0528496109
   178        17.800000   -196586.8902896410        -0.0527821335
   179        17.900000   -196587.0267958187        -0.0527133161
   180        18.000000   -196587.1615718187        -0.0526432437
   181        18.100000   -196587.2946186583        -0.0525720010
   182        18.200000   -196587.4259374602        -0.0524996728
   183        18.300000   -196587.5555294940        -0.0524263434
   184        18.400000   -196587.6833962310        -0.0523520966
   185        18.500000   -196587.8095394209        -0.0522770155
   186        18.600000   -196587.9339610954        -0.0522011823
   187        18.700000   -196588.0566636572        -0.0521246782
   188        18.800000   -196588.1776498696        -0.0520475831
   189        18.900000   -196588.2969229205        -0.0519699759
   190        19.000000   -196588.4144864331        -0.0518919338
   191        19.100000   -196588.5303445297        -0.0518135324
   192        19.200000   -196588.6445018321        -0.0517348457
   193        19.300000   -196588.7569634646        -0.0516559461
   194        19.400000   -196588.8677350979        -0.0515769037
   195        19.500000   -196588.9768229612        -0.0514977872
   196        19.600000   -196589.0842338481        -0.0514186627
   197        19.700000   -196589.1899751318        -0.0513395947
   198        19.800000   -196589.2940547395        -0.0512606452
   199        19.900000   -196589.3964812073        -0.0511818742
   200        20.000000   -196589.4972636256        -0.0511033393
